<?xml version="1.0" encoding="UTF-8" standalone="no"?>
<svg xmlns:ffdec="https://www.free-decompiler.com/flash" xmlns:xlink="http://www.w3.org/1999/xlink" ffdec:objectType="frame" height="32.5px" width="63.85px" xmlns="http://www.w3.org/2000/svg">
  <g transform="matrix(1.0, 0.0, 0.0, 1.0, 9.8, 10.95)">
    <use ffdec:characterId="1" height="32.5" transform="matrix(1.0, 0.0, 0.0, 1.0, -9.8, -10.95)" width="63.85" xlink:href="#shape0"/>
  </g>
  <defs>
    <g id="shape0" transform="matrix(1.0, 0.0, 0.0, 1.0, 9.8, 10.95)">
      <path d="M39.7 -9.75 L39.8 -9.5 39.7 -8.0 39.65 -7.85 38.95 -4.05 38.85 -2.5 38.85 -2.45 38.9 -2.2 39.0 -2.05 39.05 -1.95 39.55 -1.45 39.8 -1.3 40.4 -2.4 Q41.4 -5.55 41.8 -8.95 L41.85 -8.95 42.05 -9.45 Q42.55 -10.5 43.3 -10.8 L43.65 -10.9 44.4 -10.9 Q44.25 -7.75 42.75 -5.1 41.15 -2.2 40.2 0.75 L40.4 0.75 Q43.75 -0.2 46.05 -2.35 L49.15 -5.4 48.95 -5.15 48.9 -5.1 49.65 -5.4 47.0 -2.2 46.75 -1.35 47.15 -1.05 47.2 -1.1 50.95 -2.15 50.95 -2.0 51.45 -1.95 51.65 -1.95 53.7 -1.65 54.0 -1.4 51.6 -1.5 48.85 -0.6 Q48.2 0.1 48.3 1.45 L48.5 2.25 Q48.7 3.0 49.75 3.5 L52.2 4.35 45.45 3.4 45.4 3.35 Q44.95 2.35 44.9 1.15 L41.5 2.75 40.1 1.15 39.9 1.75 38.4 -2.0 38.2 -2.7 37.95 -3.0 38.55 -6.2 Q39.2 -9.4 39.7 -9.75 M22.4 4.0 L22.2 4.05 22.0 4.0 22.4 4.0 M20.55 4.5 L18.05 5.2 Q14.2 6.3 10.6 7.55 7.0 8.75 2.1 11.0 L-0.5 12.2 Q1.9 10.3 1.8 9.2 L1.35 8.8 1.05 8.6 0.2 8.45 -1.4 8.45 Q0.85 7.25 3.65 6.1 7.55 4.45 15.15 2.2 L18.55 1.2 19.1 1.05 21.2 0.35 20.85 0.55 19.1 1.3 18.0 2.0 Q17.45 2.6 17.45 3.1 17.45 4.3 20.55 4.5" fill="#cb7b00" fill-rule="evenodd" stroke="none"/>
      <path d="M41.8 -8.95 Q41.4 -5.55 40.4 -2.4 L39.8 -1.3 39.55 -1.45 39.05 -1.95 39.0 -2.05 38.9 -2.2 38.85 -2.45 38.85 -2.5 38.95 -4.05 39.65 -7.85 39.7 -8.0 39.8 -9.5 39.7 -9.75 39.8 -9.8 41.8 -8.95 M37.95 -3.0 L38.2 -2.7 38.4 -2.0 39.9 1.75 40.1 1.15 41.5 2.75 44.9 1.15 Q44.95 2.35 45.4 3.35 L45.45 3.4 44.45 3.3 40.55 3.3 39.6 3.45 Q39.15 3.45 38.5 0.7 L36.3 1.05 27.25 2.85 22.4 4.0 22.0 4.0 22.2 4.05 22.45 4.1 22.3 4.3 21.55 4.5 20.55 4.5 Q17.45 4.3 17.45 3.1 17.45 2.6 18.0 2.0 L19.1 1.3 20.85 0.55 27.65 -1.15 37.9 -2.8 37.95 -2.9 37.95 -3.0 M52.2 4.35 L49.75 3.5 Q48.7 3.0 48.5 2.25 L48.3 1.45 Q48.2 0.1 48.85 -0.6 L51.6 -1.5 54.0 -1.4 54.05 -1.2 53.75 0.9 53.9 2.55 54.05 4.05 Q54.05 4.55 53.6 4.55 L52.2 4.35 M50.95 -2.15 L47.2 -1.1 47.15 -1.05 46.75 -1.35 47.0 -2.2 49.65 -5.4 50.4 -5.7 50.85 -4.15 50.95 -2.15 M49.15 -5.4 L46.05 -2.35 Q43.75 -0.2 40.4 0.75 L40.2 0.75 Q41.15 -2.2 42.75 -5.1 44.25 -7.75 44.4 -10.9 L46.05 -10.15 48.2 -8.6 49.85 -6.95 49.4 -5.9 49.15 -5.4 M-0.5 12.2 L-3.05 13.4 -3.25 9.4 -1.4 8.45 0.2 8.45 1.05 8.6 1.35 8.8 1.8 9.2 Q1.9 10.3 -0.5 12.2" fill="#f0c063" fill-rule="evenodd" stroke="none"/>
      <path d="M19.5 0.95 Q18.7 -0.05 20.55 -1.95 22.35 -3.85 26.45 -5.1 30.55 -6.45 30.2 -7.2 L29.9 -7.65 29.05 -7.8 24.7 -6.55 17.9 -4.6 9.8 -2.1 Q6.15 -1.0 3.75 0.05 1.35 1.0 0.65 1.6 -0.05 2.2 -0.75 3.6 L1.95 2.05 Q4.0 1.1 7.4 0.2 10.75 -0.7 11.9 -0.4 12.75 -0.5 12.75 0.75 L12.75 0.95 12.75 1.15 12.6 1.7 11.5 3.3 Q6.55 4.85 3.65 6.1 -0.3 7.75 -3.25 9.4 L-3.4 5.95 -3.15 4.4 -2.85 3.55 Q-2.55 2.8 -1.45 1.75 -0.4 0.7 1.2 0.35 3.7 -1.05 7.65 -2.4 16.7 -5.55 25.45 -7.65 L29.6 -8.65 29.6 -8.7 29.85 -8.7 30.55 -8.65 31.25 -8.6 Q32.65 -8.5 33.7 -8.0 34.6 -7.6 35.3 -6.95 L35.75 -6.4 37.85 -3.15 38.0 -2.8 27.65 -1.15 19.5 0.95 M47.45 1.75 Q47.4 2.8 46.3 4.8 45.0 7.1 42.25 7.4 L35.15 8.4 Q30.75 9.15 23.3 11.3 15.8 13.4 13.3 14.4 L9.25 16.0 5.55 17.45 Q3.45 18.3 2.1 19.0 L-1.5 20.8 Q-2.25 21.55 -4.65 21.55 -6.85 21.55 -8.25 19.95 -9.65 18.3 -9.75 17.2 L-9.75 16.95 -9.2 16.9 -9.1 16.9 -6.7 15.8 -3.05 14.35 3.1 11.65 Q6.1 10.35 10.7 8.7 L18.15 6.05 Q20.95 5.1 24.65 4.25 28.3 3.35 35.0 2.6 L42.4 1.9 45.7 1.9 47.45 1.75" fill="#2b916c" fill-rule="evenodd" stroke="none"/>
      <path d="M11.5 3.3 L12.6 1.7 12.75 1.15 12.75 0.95 12.75 0.75 Q12.75 -0.5 11.9 -0.4 10.75 -0.7 7.4 0.2 4.0 1.1 1.95 2.05 L-0.75 3.6 Q-0.05 2.2 0.65 1.6 1.35 1.0 3.75 0.05 6.15 -1.0 9.8 -2.1 L17.9 -4.6 24.7 -6.55 29.05 -7.8 29.9 -7.65 30.2 -7.2 Q30.55 -6.45 26.45 -5.1 22.35 -3.85 20.55 -1.95 18.7 -0.05 19.5 0.95 L15.15 2.2 11.5 3.3 M-9.75 16.95 Q-9.65 15.95 -7.95 15.05 L-6.45 14.4 -3.5 13.55 -3.1 13.45 -3.05 13.45 -3.05 13.4 -2.85 13.25 2.85 10.55 Q8.3 8.05 12.25 6.7 16.15 5.35 19.0 4.75 L27.25 2.85 36.3 1.05 39.5 0.6 39.55 0.65 39.65 0.85 39.65 0.9 39.7 1.0 39.75 1.1 39.6 1.4 40.1 0.95 Q41.1 0.45 42.0 0.2 L45.2 -0.1 Q46.5 0.1 47.05 0.65 L47.2 0.8 47.45 1.2 47.45 1.35 47.45 1.4 47.45 1.75 45.7 1.9 42.4 1.9 35.0 2.6 Q28.3 3.35 24.65 4.25 20.95 5.1 18.15 6.05 L10.7 8.7 Q6.1 10.35 3.1 11.65 L-3.05 14.35 -6.7 15.8 -9.1 16.9 -9.2 16.9 -9.75 16.95" fill="#005838" fill-rule="evenodd" stroke="none"/>
    </g>
  </defs>
</svg>
